n = 10 : 

u = 1.45238,2.90476,3.76936,3.6829,2.64538,1.02008,-0.605218,-1.64273,-1.72919,-0.864597

n = 100 : 

u = 15.7534,31.5067,47.1973,62.7625,78.1403,93.2695,108.09,122.542,136.568,150.112,163.121,175.542,187.325,198.424,208.794,218.394,227.184,235.13,242.2,248.365,253.6,257.884,261.2,263.533,264.874,265.217,264.56,262.905,260.258,256.629,252.031,246.482,240.003,232.62,224.36,215.255,205.342,194.658,183.246,171.148,158.414,145.091,131.233,116.893,102.127,86.9932,71.5502,55.8586,39.9795,23.9751,7.90798,-8.15918,-24.1636,-40.0426,-55.7343,-71.1772,-86.3112,-101.077,-115.417,-129.275,-142.598,-155.332,-167.43,-178.842,-189.526,-199.439,-208.544,-216.804,-224.187,-230.666,-236.215,-240.813,-244.442,-247.089,-248.744,-249.401,-249.058,-247.717,-245.383,-242.068,-237.784,-232.549,-226.384,-219.314,-211.368,-202.577,-192.978,-182.608,-171.509,-159.726,-147.305,-134.296,-120.752,-106.726,-92.2735,-77.4534,-62.3242,-46.9463,-31.3811,-15.6906




n= 1000 : 

u = 158.995,317.991,476.98,635.957,794.914,953.847,1112.75,1271.61,1430.43,1589.2,1747.91,1906.56,2065.14,2223.65,2382.07,2540.41,2698.65,2856.79,3014.83,3172.75,3330.55,3488.23,3645.78,3803.19,3960.45,4117.56,4274.52,4431.32,4587.94,4744.4,4900.67,5056.75,5212.64,5368.33,5523.81,5679.08,5834.13,5988.96,6143.56,6297.93,6452.04,6605.92,6759.53,6912.89,7065.98,7218.79,7371.33,7523.58,7675.54,7827.2,7978.56,8129.61,8280.35,8430.77,8580.85,8730.61,8880.03,9029.1,9177.82,9326.19,9474.19,9621.83,9769.09,9915.97,10062.5,10208.6,10354.3,10499.6,10644.5,10789,10933,11076.7,11219.9,11362.6,11504.9,11646.8,11788.2,11929.2,12069.7,12209.7,12349.3,12488.3,12626.9,12765,12902.6,13039.7,13176.3,13312.3,13447.9,13582.9,13717.4,13851.3,13984.7,14117.6,14249.9,14381.7,14512.9,14643.5,14773.5,14903,15031.9,15160.2,15287.9,15415.1,15541.6,15667.5,15792.8,15917.4,16041.5,16164.9,16287.7,16409.9,16531.4,16652.2,16772.4,16892,17010.9,17129.1,17246.7,17363.6,17479.8,17595.3,17710.1,17824.2,17937.7,18050.4,18162.4,18273.7,18384.3,18494.2,18603.4,18711.8,18819.5,18926.4,19032.7,19138.1,19242.8,19346.8,19450,19552.5,19654.1,19755,19855.2,19954.5,20053.1,20150.9,20247.9,20344.1,20439.5,20534.1,20627.9,20720.8,20813,20904.4,20994.9,21084.6,21173.5,21261.6,21348.8,21435.2,21520.7,21605.4,21689.3,21772.3,21854.4,21935.7,22016.1,22095.7,22174.4,22252.2,22329.1,22405.2,22480.4,22554.7,22628.2,22700.7,22772.4,22843.1,22913,22981.9,23050,23117.1,23183.4,23248.7,23313.1,23376.7,23439.2,23500.9,23561.7,23621.5,23680.4,23738.3,23795.4,23851.5,23906.6,23960.9,24014.1,24066.5,24117.9,24168.3,24217.8,24266.4,24314,24360.6,24406.3,24451,24494.8,24537.6,24579.4,24620.3,24660.2,24699.1,24737.1,24774.1,24810.1,24845.2,24879.2,24912.3,24944.4,24975.6,25005.7,25034.9,25063.1,25090.3,25116.5,25141.7,25166,25189.2,25211.5,25232.8,25253.1,25272.4,25290.7,25308,25324.3,25339.6,25353.9,25367.2,25379.6,25390.9,25401.2,25410.6,25418.9,25426.2,25432.6,25437.9,25442.3,25445.6,25447.9,25449.3,25449.6,25449,25447.3,25444.6,25441,25436.3,25430.7,25424,25416.4,25407.7,25398.1,25387.4,25375.8,25363.1,25349.5,25334.8,25319.2,25302.6,25284.9,25266.3,25246.7,25226.1,25204.5,25181.9,25158.4,25133.8,25108.2,25081.7,25054.2,25025.7,24996.2,24965.7,24934.3,24901.8,24868.4,24834,24798.7,24762.3,24725,24686.7,24647.5,24607.2,24566.1,24523.9,24480.8,24436.7,24391.7,24345.7,24298.7,24250.8,24201.9,24152.1,24101.3,24049.6,23997,23943.4,23888.8,23833.3,23776.9,23719.6,23661.3,23602.1,23541.9,23480.9,23418.9,23356,23292.2,23227.4,23161.8,23095.2,23027.7,22959.4,22890.1,22819.9,22748.8,22676.9,22604,22530.2,22455.6,22380.1,22303.7,22226.4,22148.3,22069.3,21989.4,21908.7,21827,21744.6,21661.3,21577.1,21492.1,21406.2,21319.5,21232,21143.6,21054.4,20964.4,20873.5,20781.8,20689.4,20596.1,20501.9,20407,20311.3,20214.8,20117.5,20019.4,19920.5,19820.8,19720.4,19619.1,19517.2,19414.4,19310.9,19206.6,19101.6,18995.8,18889.2,18782,18674,18565.2,18455.7,18345.5,18234.6,18123,18010.7,17897.6,17783.8,17669.4,17554.2,17438.4,17321.9,17204.7,17086.8,16968.3,16849.1,16729.2,16608.7,16487.5,16365.6,16243.2,16120.1,15996.3,15872,15747,15621.4,15495.1,15368.3,15240.9,15112.8,14984.2,14855,14725.2,14594.8,14463.9,14332.4,14200.3,14067.7,13934.5,13800.8,13666.5,13531.7,13396.4,13260.5,13124.1,12987.2,12849.8,12711.9,12573.5,12434.6,12295.2,12155.4,12015,11874.2,11732.9,11591.2,11449,11306.3,11163.3,11019.7,10875.8,10731.4,10586.6,10441.4,10295.8,10149.7,10003.3,9856.5,9709.3,9561.72,9413.77,9265.45,9116.77,8967.73,8818.34,8668.6,8518.53,8368.12,8217.39,8066.33,7914.96,7763.29,7611.3,7459.03,7306.46,7153.6,7000.47,6847.06,6693.39,6539.46,6385.27,6230.83,6076.15,5921.23,5766.08,5610.71,5455.12,5299.32,5143.31,4987.11,4830.71,4674.12,4517.35,4360.41,4203.29,4046.02,3888.58,3731,3573.28,3415.41,3257.42,3099.29,2941.05,2782.7,2624.24,2465.68,2307.03,2148.29,1989.46,1830.56,1671.59,1512.56,1353.48,1194.34,1035.16,875.939,716.688,557.412,398.118,238.811,79.4974,-79.8161,-239.123,-398.418,-557.693,-716.944,-876.163,-1035.34,-1194.48,-1353.57,-1512.6,-1671.57,-1830.47,-1989.29,-2148.03,-2306.69,-2465.25,-2623.71,-2782.06,-2940.3,-3098.42,-3256.42,-3414.28,-3572.01,-3729.59,-3887.02,-4044.3,-4201.41,-4358.35,-4515.12,-4671.71,-4828.11,-4984.32,-5140.33,-5296.13,-5451.72,-5607.09,-5762.24,-5917.15,-6071.83,-6226.27,-6380.46,-6534.39,-6688.07,-6841.47,-6994.61,-7147.46,-7300.03,-7452.31,-7604.29,-7755.97,-7907.34,-8058.39,-8209.13,-8359.53,-8509.61,-8659.34,-8808.73,-8957.77,-9106.46,-9254.78,-9402.73,-9550.31,-9697.51,-9844.32,-9990.74,-10136.8,-10282.4,-10427.6,-10572.4,-10716.8,-10860.7,-11004.3,-11147.3,-11290,-11432.2,-11573.9,-11715.2,-11856,-11996.4,-12136.2,-12275.6,-12414.5,-12552.9,-12690.8,-12828.2,-12965.1,-13101.5,-13237.4,-13372.7,-13507.5,-13641.8,-13775.5,-13908.7,-14041.3,-14173.4,-14304.9,-14435.8,-14566.2,-14696,-14825.2,-14953.8,-15081.9,-15209.3,-15336.1,-15462.4,-15588,-15713,-15837.3,-15961.1,-16084.2,-16206.7,-16328.5,-16449.7,-16570.2,-16690.1,-16809.3,-16927.8,-17045.7,-17162.9,-17279.4,-17395.3,-17510.4,-17624.9,-17738.6,-17851.7,-17964,-18075.6,-18186.6,-18296.8,-18406.2,-18515,-18623,-18730.2,-18836.8,-18942.6,-19047.6,-19151.9,-19255.4,-19358.2,-19460.2,-19561.4,-19661.8,-19761.5,-19860.4,-19958.5,-20055.8,-20152.3,-20248,-20342.9,-20437.1,-20530.4,-20622.9,-20714.5,-20805.4,-20895.4,-20984.6,-21073,-21160.5,-21247.2,-21333.1,-21418.1,-21502.3,-21585.6,-21668.1,-21749.7,-21830.4,-21910.3,-21989.3,-22067.4,-22144.7,-22221.1,-22296.6,-22371.3,-22445,-22517.9,-22589.8,-22660.9,-22731.1,-22800.4,-22868.7,-22936.2,-23002.8,-23068.4,-23133.2,-23197,-23259.9,-23321.9,-23382.9,-23443.1,-23502.3,-23560.6,-23617.9,-23674.4,-23729.8,-23784.4,-23838,-23890.6,-23942.3,-23993.1,-24042.9,-24091.8,-24139.7,-24186.7,-24232.7,-24277.7,-24321.8,-24364.9,-24407.1,-24448.2,-24488.5,-24527.7,-24566,-24603.3,-24639.7,-24675,-24709.4,-24742.8,-24775.3,-24806.7,-24837.2,-24866.7,-24895.2,-24922.7,-24949.2,-24974.8,-24999.4,-25022.9,-25045.5,-25067.1,-25087.7,-25107.3,-25125.9,-25143.6,-25160.2,-25175.8,-25190.5,-25204.1,-25216.8,-25228.4,-25239.1,-25248.7,-25257.4,-25265,-25271.7,-25277.3,-25282,-25285.7,-25288.3,-25290,-25290.6,-25290.3,-25288.9,-25286.6,-25283.3,-25278.9,-25273.6,-25267.2,-25259.9,-25251.6,-25242.2,-25231.9,-25220.6,-25208.2,-25194.9,-25180.6,-25165.3,-25149,-25131.7,-25113.4,-25094.1,-25073.8,-25052.5,-25030.2,-25007,-24982.7,-24957.5,-24931.3,-24904.1,-24875.9,-24846.7,-24816.6,-24785.4,-24753.3,-24720.2,-24686.2,-24651.1,-24615.1,-24578.1,-24540.1,-24501.2,-24461.3,-24420.4,-24378.6,-24335.8,-24292,-24247.3,-24201.6,-24155,-24107.4,-24058.8,-24009.3,-23958.9,-23907.5,-23855.1,-23801.9,-23747.6,-23692.5,-23636.4,-23579.3,-23521.4,-23462.5,-23402.7,-23341.9,-23280.2,-23217.7,-23154.1,-23089.7,-23024.4,-22958.1,-22891,-22822.9,-22754,-22684.1,-22613.4,-22541.7,-22469.2,-22395.7,-22321.4,-22246.2,-22170.1,-22093.2,-22015.4,-21936.7,-21857.1,-21776.7,-21695.4,-21613.3,-21530.3,-21446.4,-21361.7,-21276.2,-21189.8,-21102.6,-21014.5,-20925.6,-20835.9,-20745.4,-20654,-20561.8,-20468.9,-20375.1,-20280.5,-20185.1,-20088.9,-19991.9,-19894.1,-19795.5,-19696.2,-19596,-19495.1,-19393.5,-19291,-19187.8,-19083.8,-18979.1,-18873.7,-18767.4,-18660.5,-18552.8,-18444.4,-18335.2,-18225.3,-18114.7,-18003.4,-17891.4,-17778.7,-17665.2,-17551.1,-17436.3,-17320.8,-17204.6,-17087.7,-16970.1,-16851.9,-16733,-16613.4,-16493.2,-16372.4,-16250.8,-16128.7,-16005.9,-15882.5,-15758.4,-15633.8,-15508.5,-15382.6,-15256.1,-15128.9,-15001.2,-14872.9,-14744,-14614.5,-14484.5,-14353.9,-14222.7,-14090.9,-13958.6,-13825.7,-13692.3,-13558.4,-13423.9,-13288.9,-13153.3,-13017.3,-12880.7,-12743.6,-12606,-12467.9,-12329.3,-12190.3,-12050.7,-11910.7,-11770.2,-11629.2,-11487.8,-11345.9,-11203.6,-11060.9,-10917.7,-10774,-10630,-10485.5,-10340.6,-10195.3,-10049.6,-9903.46,-9756.97,-9610.08,-9462.82,-9315.19,-9167.19,-9018.82,-8870.1,-8721.03,-8571.61,-8421.85,-8271.76,-8121.35,-7970.61,-7819.56,-7668.2,-7516.54,-7364.58,-7212.33,-7059.79,-6906.97,-6753.89,-6600.53,-6446.91,-6293.04,-6138.92,-5984.56,-5829.96,-5675.13,-5520.08,-5364.81,-5209.32,-5053.64,-4897.75,-4741.66,-4585.39,-4428.94,-4272.32,-4115.52,-3958.56,-3801.45,-3644.18,-3486.78,-3329.23,-3171.55,-3013.75,-2855.83,-2697.79,-2539.65,-2381.41,-2223.07,-2064.65,-1906.14,-1747.56,-1588.91,-1430.2,-1271.43,-1112.61,-953.746,-794.845,-635.913,-476.955,-317.978,-158.989
